731 5 7
0.448173913 0.321900164 0.680396089 0.141163311 0.1
0.448173913
0.448173913 0.334590615 0.680396089 0.141163311 0.1
0.448173913
0.461043478 0.345690281 0.666758586 0.141163311 0.1
0.448173913
0.452 0.284853506 0.668362998 0.141163311 0.1
0.461043478
0.448173913 0.275158317 0.665755829 0.141163311 0.1
0.452
0.46 0.274133622 0.647104537 0.141163311 0.1
0.448173913
0.46 0.271339 0.647104537 0.141163311 0.1
0.46
0.46 0.271339 0.647104537 0.141163311 0.1
0.46
0.46 0.269167794 0.647104537 0.141163311 0.1
0.46
0.447826087 0.254155657 0.644898471 0.141163311 0.1
0.46
0.461043478 0.267154233 0.633065931 0.141163311 0.1
0.447826087
0.433217391 0.241981136 0.650915016 0.141163311 0.1
0.461043478
0.429043478 0.27215589 0.642291301 0.141163311 0.1
0.433217391
0.444695652 0.265728259 0.648107295 0.141163311 0.1
0.429043478
0.444695652 0.265728259 0.648107295 0.141163311 0.1
0.444695652
0.444695652 0.275939378 0.648107295 0.141163311 0.1
0.444695652
0.424173913 0.221050133 0.624241665 0.141163311 0.1
0.444695652
0.395304348 0.316705033 0.621835046 0.141163311 0.1
0.424173913
0.404 0.307805236 0.658335422 0.141163311 0.1
0.395304348
0.41373913 0.324193187 0.657733768 0.141163311 0.1
0.404
0.41373913 0.320810978 0.630458762 0.141163311 0.1
0.41373913
0.41373913 0.320810978 0.630458762 0.141163311 0.1
0.41373913
0.41373913 0.328800731 0.630458762 0.141163311 0.1
0.41373913
0.40226087 0.345396487 0.621634495 0.141163311 0.1
0.41373913
0.413391304 0.375542578 0.60378541 0.141163311 0.1
0.40226087
0.437391304 0.371730426 0.622436701 0.141163311 0.1
0.413391304
0.476347826 0.386104816 0.642692404 0.141163311 0.1
0.437391304
0.479130435 0.423151474 0.633065931 0.141163311 0.1
0.476347826
0.499304348 0.423151474 0.633065931 0.141163311 0.1
0.479130435
0.499304348 0.415670485 0.633065931 0.141163311 0.1
0.499304348
0.499304348 0.411034279 0.622637252 0.141163311 0.1
0.499304348
0.492695652 0.424670602 0.553045876 0.241387025 0.108
0.499304348
0.487826087 0.461767419 0.471020306 0.241387025 0.108
0.492695652
0.458956522 0.451749774 0.508322888 0.241387025 0.108
0.487826087
0.495130435 0.458134411 0.488267736 0.241387025 0.108
0.458956522
0.495130435 0.458134411 0.488267736 0.241387025 0.108
0.495130435
0.495130435 0.449069803 0.488267736 0.241387025 0.108
0.495130435
0.484695652 0.453691678 0.523564803 0.241387025 0.108
0.495130435
0.461043478 0.445637434 0.522562046 0.241387025 0.108
0.484695652
0.444 0.498706592 0.525971421 0.241387025 0.108
0.461043478
0.448869565 0.508179644 0.521559288 0.241387025 0.108
0.444
0.438434783 0.486825865 0.480646779 0.241387025 0.108
0.448869565
0.438434783 0.486825865 0.480646779 0.241387025 0.108
0.438434783
0.438434783 0.48651774 0.480646779 0.241387025 0.108
0.438434783
0.430434783 0.536240517 0.473226373 0.241387025 0.108
0.438434783
0.417217391 0.53103822 0.476034094 0.241387025 0.108
0.430434783
0.414086957 0.51866306 0.482451742 0.241387025 0.108
0.417217391
0.421043478 0.504919252 0.43191276 0.241387025 0.108
0.414086957
0.41826087 0.530658438 0.438330409 0.241387025 0.108
0.421043478
0.41826087 0.530658438 0.438330409 0.241387025 0.108
0.41826087
0.41826087 0.546344151 0.438330409 0.241387025 0.108
0.41826087
0.337217391 0.573237014 0.460190524 0.241387025 0.108
0.41826087
0.325043478 0.621218527 0.470619203 0.241387025 0.108
0.337217391
0.327130435 0.601577349 0.464201554 0.241387025 0.108
0.325043478
0.324347826 0.613995504 0.466407621 0.241387025 0.108
0.327130435
0.332 0.695655796 0.454976185 0.241387025 0.108
0.324347826
0.332 0.695655796 0.454976185 0.241387025 0.108
0.332
0.332 0.691736159 0.454976185 0.241387025 0.108
0.332
0.313217391 0.664083731 0.470418651 0.241387025 0.108
0.332
0.316 0.684233673 0.480646779 0.241387025 0.108
0.313217391
0.308347826 0.628355562 0.506317373 0.241387025 0.108
0.316
0.313565217 0.584107378 0.509526197 0.193064877 0.116
0.308347826
0.312521739 0.590441855 0.537803961 0.193064877 0.116
0.313565217
0.312521739 0.590441855 0.537803961 0.193064877 0.116
0.312521739
0.312521739 0.573308671 0.537803961 0.193064877 0.116
0.312521739
0.305217391 0.563857116 0.553045876 0.193064877 0.116
0.312521739
0.294782609 0.550894369 0.543218852 0.193064877 0.116
0.305217391
0.303478261 0.571997349 0.559463525 0.193064877 0.116
0.294782609
0.312173913 0.553774979 0.572900476 0.193064877 0.116
0.303478261
0.302782609 0.553710488 0.579318125 0.193064877 0.116
0.312173913
0.302782609 0.553710488 0.579318125 0.193064877 0.116
0.302782609
0.302782609 0.550414267 0.579318125 0.193064877 0.116
0.302782609
0.295478261 0.547583816 0.571296064 0.193064877 0.116
0.302782609
0.29826087 0.559808497 0.59716721 0.193064877 0.116
0.295478261
0.311130435 0.550199296 0.57731261 0.193064877 0.116
0.29826087
0.314608696 0.532055749 0.574103785 0.193064877 0.116
0.311130435
0.312173913 0.516205226 0.582727501 0.193064877 0.116
0.314608696
0.312173913 0.516205226 0.582727501 0.193064877 0.116
0.312173913
0.312173913 0.529132144 0.582727501 0.193064877 0.116
0.312173913
0.305565217 0.526330357 0.584331913 0.193064877 0.116
0.312173913
0.303826087 0.510486999 0.579919779 0.193064877 0.116
0.305565217
0.293043478 0.518010981 0.59195287 0.193064877 0.116
0.303826087
0.285043478 0.516126403 0.606593131 0.193064877 0.116
0.293043478
0.296521739 0.525398816 0.582326398 0.193064877 0.116
0.285043478
0.296521739 0.525398816 0.582326398 0.193064877 0.116
0.296521739
0.296521739 0.51311681 0.582326398 0.193064877 0.116
0.296521739
0.293043478 0.505435182 0.593958386 0.193064877 0.116
0.296521739
0.294086957 0.537738147 0.580922537 0.193064877 0.116
0.293043478
0.291652174 0.563828453 0.561067937 0.193064877 0.116
0.294086957
0.299304348 0.684771101 0.56146904 0.193064877 0.116
0.291652174
0.295130435 0.697318238 0.524768112 0.193064877 0.116
0.299304348
0.295130435 0.697318238 0.524768112 0.193064877 0.116
0.295130435
0.295130435 0.70001254 0.524768112 0.150111857 0.132
0.295130435
0.279130435 0.696200389 0.52837804 0.150111857 0.132
0.295130435
0.270086957 0.685609487 0.517347706 0.150111857 0.132
0.279130435
0.305217391 0.738227206 0.462797694 0.150111857 0.132
0.270086957
0.32226087 0.792672178 0.490473803 0.150111857 0.132
0.305217391
0.329913043 0.791317861 0.461193282 0.150111857 0.132
0.32226087
0.329913043 0.791317861 0.461193282 0.150111857 0.132
0.329913043
0.329913043 0.794642745 0.461193282 0.150111857 0.132
0.329913043
0.329913043 0.802482019 0.496490348 0.150111857 0.132
0.329913043
0.347652174 0.772500739 0.480045124 0.150111857 0.132
0.329913043
0.345565217 0.737668282 0.46099273 0.150111857 0.132
0.347652174
0.353217391 0.738872119 0.462396591 0.150111857 0.132
0.345565217
0.34173913 0.719510404 0.458786663 0.150111857 0.132
0.353217391
0.34173913 0.719510404 0.458786663 0.150111857 0.132
0.34173913
0.34173913 0.716178354 0.458786663 0.150111857 0.132
0.34173913
0.36226087 0.752816567 0.475231888 0.150111857 0.132
0.34173913
0.375478261 0.785671292 0.460391075 0.150111857 0.132
0.36226087
0.348695652 0.766144765 0.485460015 0.150111857 0.132
0.375478261
0.326782609 0.740298093 0.5099273 0.150111857 0.132
0.348695652
0.326782609 0.76080632 0.503710203 0.150111857 0.132
0.326782609
0.326782609 0.76080632 0.503710203 0.150111857 0.132
0.326782609
0.326782609 0.77256523 0.503710203 0.150111857 0.132
0.326782609
0.327130435 0.789762905 0.543419403 0.150111857 0.132
0.326782609
0.32573913 0.806616626 0.503108549 0.150111857 0.132
0.327130435
0.352521739 0.835601874 0.488668839 0.150111857 0.132
0.32573913
0.364695652 0.789906219 0.496089245 0.150111857 0.132
0.352521739
0.386956522 0.803055274 0.480045124 0.150111857 0.132
0.364695652
0.386956522 0.803055274 0.480045124 0.150111857 0.132
0.386956522
0.386956522 0.795115681 0.480045124 0.150111857 0.132
0.386956522
0.38973913 0.773403617 0.452369015 0.150111857 0.132
0.386956522
0.400869565 0.763794416 0.484256706 0.1 0.18
0.38973913
0.386608696 0.776176742 0.510930058 0.1 0.18
0.400869565
0.391826087 0.801521815 0.528779143 0.1 0.18
0.386608696
0.380347826 0.785356001 0.542015543 0.1 0.18
0.391826087
0.380347826 0.785356001 0.542015543 0.1 0.18
0.380347826
0.380347826 0.797258225 0.542015543 0.1 0.18
0.380347826
0.389043478 0.796326684 0.537001755 0.1 0.18
0.380347826
0.383826087 0.807634155 0.524567561 0.1 0.18
0.389043478
0.371304348 0.835293749 0.542817749 0.1 0.18
0.383826087
0.364695652 0.827303996 0.526773627 0.1 0.18
0.371304348
0.337565217 0.8092751 0.561268488 0.1 0.18
0.364695652
0.337565217 0.8092751 0.561268488 0.1 0.18
0.337565217
0.337565217 0.813810987 0.561268488 0.1 0.18
0.337565217
0.335826087 0.836132135 0.56146904 0.1 0.18
0.337565217
0.329913043 0.811238501 0.540611682 0.1 0.18
0.335826087
0.329913043 0.821191656 0.528177488 0.1 0.18
0.329913043
0.33826087 0.808687513 0.510528955 0.1 0.18
0.329913043
0.337913043 0.793266931 0.482852845 0.1 0.18
0.33826087
0.337913043 0.793266931 0.482852845 0.1 0.18
0.337913043
0.337913043 0.791446844 0.482852845 0.1 0.18
0.337913043
0.335478261 0.821922557 0.464201554 0.1 0.18
0.337913043
0.338956522 0.821091336 0.424291802 0.1 0.18
0.335478261
0.342434783 0.809970173 0.442943094 0.1 0.18
0.338956522
0.34626087 0.803979649 0.451165706 0.1 0.18
0.342434783
0.339652174 0.796620478 0.428703936 0.1 0.18
0.34626087
0.339652174 0.796620478 0.428703936 0.1 0.18
0.339652174
0.339652174 0.804481248 0.428703936 0.1 0.18
0.339652174
0.344173913 0.878710712 0.429105039 0.1 0.18
0.339652174
0.335826087 0.853953226 0.405239408 0.1 0.18
0.344173913
0.323304348 0.868929534 0.379167711 0.1 0.18
0.335826087
0.323652174 0.829768996 0.385986463 0.1 0.18
0.323304348
0.328521739 0.830815188 0.392404111 0.175167785 0.204
0.323652174
0.328521739 0.830815188 0.392404111 0.175167785 0.204
0.328521739
0.328521739 0.819350071 0.392404111 0.175167785 0.204
0.328521739
0.335478261 0.785370332 0.397217348 0.175167785 0.204
0.328521739
0.341391304 0.769419489 0.412659814 0.175167785 0.204
0.335478261
0.348347826 0.754629489 0.440737027 0.175167785 0.204
0.341391304
0.343130435 0.748861102 0.437728754 0.175167785 0.204
0.348347826
0.331652174 0.746976523 0.457182251 0.175167785 0.204
0.343130435
0.331652174 0.746976523 0.457182251 0.175167785 0.204
0.331652174
0.331652174 0.746976523 0.457182251 0.175167785 0.204
0.331652174
0.338608696 0.779064518 0.467410379 0.175167785 0.204
0.331652174
0.330956522 0.734293238 0.486863876 0.175167785 0.204
0.338608696
0.32573913 0.773453777 0.476635748 0.175167785 0.204
0.330956522
0.335130435 0.767241117 0.482652294 0.175167785 0.204
0.32573913
0.32573913 0.78822228 0.495688142 0.175167785 0.204
0.335130435
0.32573913 0.78822228 0.495688142 0.175167785 0.204
0.32573913
0.32573913 0.768029344 0.495688142 0.175167785 0.204
0.32573913
0.326434783 0.76501975 0.490874906 0.175167785 0.204
0.32573913
0.328869565 0.808802164 0.468613688 0.175167785 0.204
0.326434783
0.348695652 0.790988239 0.512935573 0.175167785 0.204
0.328869565
0.335130435 0.856955653 0.468413136 0.175167785 0.204
0.348695652
0.356 0.9 0.478641263 0.175167785 0.204
0.335130435
0.356 0.9 0.478641263 0.175167785 0.204
0.356
0.356 0.870262354 0.478641263 0.175167785 0.204
0.356
0.356 0.881491003 0.471421409 0.175167785 0.204
0.356
0.356 0.9 0.519553773 0.175167785 0.204
0.356
0.356 0.863892049 0.502707445 0.175167785 0.204
0.356
0.356 0.856002615 0.54562547 0.175167785 0.204
0.356
0.356 0.825354926 0.550639258 0.175167785 0.204
0.356
0.356 0.825354926 0.550639258 0.175167785 0.204
0.356
0.356 0.810787062 0.550639258 0.175167785 0.204
0.356
0.358782609 0.75161273 0.537202306 0.218120805 0.236
0.356
0.353913043 0.772235608 0.555853597 0.218120805 0.236
0.358782609
0.385217391 0.771296902 0.51514164 0.218120805 0.236
0.353913043
0.468695652 0.867023459 0.486663324 0.218120805 0.236
0.385217391
0.399130435 0.78617289 0.511732264 0.218120805 0.236
0.468695652
0.399130435 0.78617289 0.511732264 0.218120805 0.236
0.399130435
0.399130435 0.786481015 0.511732264 0.218120805 0.236
0.399130435
0.388347826 0.609911056 0.561870143 0.218120805 0.236
0.399130435
0.399826087 0.640644734 0.541213337 0.218120805 0.236
0.388347826
0.395652174 0.639892335 0.556054149 0.218120805 0.236
0.399826087
0.386608696 0.690023557 0.556655803 0.218120805 0.236
0.395652174
0.421043478 0.752035506 0.526974179 0.218120805 0.236
0.386608696
0.421043478 0.752035506 0.526974179 0.218120805 0.236
0.421043478
0.421043478 0.726188834 0.526974179 0.218120805 0.236
0.421043478
0.41026087 0.754428849 0.487264979 0.218120805 0.236
0.421043478
0.434956522 0.721717439 0.522963149 0.218120805 0.236
0.41026087
0.391130435 0.678286144 0.540210579 0.218120805 0.236
0.434956522
0.415130435 0.704534095 0.550639258 0.218120805 0.236
0.391130435
0.404 0.660723019 0.554449737 0.218120805 0.236
0.415130435
0.404 0.660723019 0.554449737 0.218120805 0.236
0.404
0.404 0.654897307 0.554449737 0.218120805 0.236
0.404
0.376521739 0.628993309 0.582727501 0.218120805 0.236
0.404
0.38 0.598976201 0.593958386 0.218120805 0.236
0.376521739
0.426956522 0.585182233 0.572499373 0.218120805 0.236
0.38
0.462782609 0.609087001 0.554650288 0.218120805 0.236
0.426956522
0.50973913 0.656502423 0.5364001 0.218120805 0.236
0.462782609
0.50973913 0.656502423 0.5364001 0.218120805 0.236
0.50973913
0.50973913 0.64333187 0.5364001 0.218120805 0.236
0.50973913
0.538608696 0.578381985 0.544422161 0.218120805 0.236
0.50973913
0.53026087 0.55845418 0.538004512 0.218120805 0.236
0.538608696
0.510782609 0.567970227 0.537402858 0.196644295 0.324
0.53026087
0.519826087 0.546336985 0.538806718 0.196644295 0.324
0.510782609
0.496869565 0.54644447 0.529982452 0.196644295 0.324
0.519826087
0.496869565 0.54644447 0.529982452 0.196644295 0.324
0.496869565
0.496869565 0.553638831 0.529982452 0.196644295 0.324
0.496869565
0.510782609 0.580825488 0.535397343 0.196644295 0.324
0.496869565
0.53026087 0.609158658 0.538405615 0.196644295 0.324
0.510782609
0.507652174 0.608076637 0.515743294 0.196644295 0.324
0.53026087
0.508 0.668863252 0.510528955 0.196644295 0.324
0.507652174
0.496173913 0.670339385 0.517949361 0.196644295 0.324
0.508
0.496173913 0.670339385 0.517949361 0.196644295 0.324
0.496173913
0.496173913 0.66689985 0.517949361 0.196644295 0.324
0.496173913
0.458956522 0.641626434 0.519754324 0.196644295 0.324
0.496173913
0.407478261 0.659970621 0.522160943 0.196644295 0.324
0.458956522
0.392869565 0.660185592 0.529180246 0.196644295 0.324
0.407478261
0.410608696 0.673972394 0.522963149 0.196644295 0.324
0.392869565
0.404695652 0.660078106 0.500100276 0.196644295 0.324
0.410608696
0.404695652 0.660078106 0.500100276 0.196644295 0.324
0.404695652
0.404695652 0.653951434 0.500100276 0.196644295 0.324
0.404695652
0.400173913 0.647674283 0.505114064 0.196644295 0.324
0.404695652
0.390434783 0.645596231 0.495487591 0.196644295 0.324
0.400173913
0.412347826 0.625374632 0.453772875 0.196644295 0.324
0.390434783
0.394956522 0.630125489 0.415868639 0.196644295 0.324
0.412347826
0.38173913 0.685874618 0.450764603 0.196644295 0.324
0.394956522
0.38173913 0.685874618 0.450764603 0.196644295 0.324
0.38173913
0.38173913 0.709370941 0.450764603 0.196644295 0.324
0.38173913
0.38173913 0.649250737 0.443544748 0.196644295 0.324
0.38173913
0.38173913 0.657914065 0.435723239 0.196644295 0.324
0.38173913
0.352521739 0.657914065 0.442742542 0.196644295 0.324
0.38173913
0.362956522 0.689908906 0.459989972 0.196644295 0.324
0.352521739
0.367130435 0.688310955 0.506116821 0.196644295 0.324
0.362956522
0.367130435 0.688310955 0.506116821 0.244966443 0.412
0.367130435
0.367130435 0.686490868 0.506116821 0.244966443 0.412
0.367130435
0.367130435 0.601921303 0.506317373 0.244966443 0.412
0.367130435
0.356347826 0.548278889 0.487064427 0.244966443 0.412
0.367130435
0.370956522 0.535101171 0.458185009 0.244966443 0.412
0.356347826
0.377913043 0.537773976 0.432915518 0.244966443 0.412
0.370956522
0.354956522 0.49524556 0.445550263 0.244966443 0.412
0.377913043
0.354956522 0.49524556 0.445550263 0.244966443 0.412
0.354956522
0.354956522 0.487356126 0.445550263 0.244966443 0.412
0.354956522
0.359478261 0.556641258 0.433918275 0.244966443 0.412
0.354956522
0.342434783 0.550070313 0.459388318 0.244966443 0.412
0.359478261
0.348347826 0.555587901 0.423890699 0.244966443 0.412
0.342434783
0.367130435 0.50762072 0.40142893 0.244966443 0.412
0.348347826
0.353913043 0.4986421 0.405239408 0.244966443 0.412
0.367130435
0.353913043 0.4986421 0.405239408 0.244966443 0.412
0.353913043
0.353913043 0.500763147 0.405239408 0.244966443 0.412
0.353913043
0.378956522 0.491361751 0.420080221 0.244966443 0.412
0.353913043
0.329217391 0.516749819 0.426898972 0.244966443 0.412
0.378956522
0.338956522 0.552019383 0.4371271 0.244966443 0.412
0.329217391
0.342782609 0.561556927 0.399824517 0.244966443 0.412
0.338956522
0.354956522 0.517394731 0.381975432 0.244966443 0.412
0.342782609
0.354956522 0.517394731 0.381975432 0.244966443 0.412
0.354956522
0.354956522 0.520124862 0.381975432 0.244966443 0.412
0.354956522
0.364695652 0.519315138 0.331637002 0.244966443 0.412
0.354956522
0.37373913 0.480426896 0.339859614 0.244966443 0.412
0.364695652
0.371652174 0.496700196 0.300350965 0.244966443 0.412
0.37373913
0.346608696 0.440886576 0.296741038 0.244966443 0.412
0.371652174
0.36573913 0.475468234 0.316395086 0.244966443 0.412
0.346608696
0.36573913 0.475468234 0.316395086 0.244966443 0.412
0.36573913
0.36573913 0.455698073 0.316395086 0.244966443 0.412
0.36573913
0.392173913 0.52410899 0.335046378 0.397091723 0.508
0.36573913
0.421391304 0.534742886 0.328227626 0.397091723 0.508
0.392173913
0.422782609 0.56543357 0.325821008 0.397091723 0.508
0.421391304
0.408869565 0.49171287 0.348483329 0.397091723 0.508
0.422782609
0.383130435 0.469105094 0.351892705 0.397091723 0.508
0.408869565
0.383130435 0.469105094 0.351892705 0.397091723 0.508
0.383130435
0.383130435 0.469105094 0.351892705 0.397091723 0.508
0.383130435
0.383130435 0.482533612 0.351892705 0.397091723 0.508
0.383130435
0.35426087 0.465558074 0.352494359 0.397091723 0.508
0.383130435
0.357043478 0.538834499 0.37896716 0.397091723 0.508
0.35426087
0.351826087 0.528766694 0.373953372 0.397091723 0.508
0.357043478
0.312521739 0.528515894 0.36713462 0.397091723 0.508
0.351826087
0.312521739 0.528515894 0.36713462 0.397091723 0.508
0.312521739
0.312521739 0.514987057 0.36713462 0.397091723 0.508
0.312521739
0.353913043 0.59388139 0.373953372 0.397091723 0.508
0.312521739
0.354956522 0.483715952 0.349686638 0.397091723 0.508
0.353913043
0.326086957 0.466833568 0.317798947 0.397091723 0.508
0.354956522
0.302782609 0.487721577 0.333642517 0.397091723 0.508
0.326086957
0.326086957 0.525929078 0.350889947 0.397091723 0.508
0.302782609
0.326086957 0.525929078 0.350889947 0.397091723 0.508
0.326086957
0.326086957 0.55275745 0.350889947 0.397091723 0.508
0.326086957
0.348 0.594382989 0.344071196 0.397091723 0.508
0.326086957
0.340695652 0.548020924 0.36452745 0.397091723 0.508
0.348
0.340695652 0.584014224 0.336049135 0.397091723 0.508
0.340695652
0.305913043 0.555136462 0.359914766 0.397091723 0.508
0.340695652
0.351478261 0.570922494 0.317397844 0.397091723 0.508
0.305913043
0.351478261 0.570922494 0.317397844 0.397091723 0.508
0.351478261
0.351478261 0.599420474 0.317397844 0.397091723 0.508
0.351478261
0.386608696 0.591050939 0.284306844 0.397091723 0.508
0.351478261
0.40573913 0.554835502 0.281499123 0.397091723 0.508
0.386608696
0.424173913 0.545935706 0.279092504 0.397091723 0.508
0.40573913
0.433913043 0.56005213 0.262246177 0.391722595 0.588
0.424173913
0.435652174 0.529984862 0.244798195 0.391722595 0.588
0.433913043
0.435652174 0.529984862 0.244798195 0.391722595 0.588
0.435652174
0.435652174 0.512077784 0.244798195 0.391722595 0.588
0.435652174
0.441217391 0.585182233 0.248608674 0.391722595 0.588
0.435652174
0.451652174 0.610778105 0.23096014 0.391722595 0.588
0.441217391
0.434608696 0.534384601 0.208097267 0.391722595 0.588
0.451652174
0.456521739 0.510916941 0.236575583 0.391722595 0.588
0.434608696
0.487826087 0.584128875 0.202882928 0.391722595 0.588
0.456521739
0.487826087 0.584128875 0.202882928 0.391722595 0.588
0.487826087
0.487826087 0.602544718 0.202882928 0.391722595 0.588
0.487826087
0.463130435 0.544165778 0.228352971 0.391722595 0.588
0.487826087
0.472173913 0.528171941 0.232765104 0.391722595 0.588
0.463130435
0.412347826 0.481616402 0.186237152 0.391722595 0.588
0.472173913
0.462086957 0.505757638 0.210503886 0.391722595 0.588
0.412347826
0.460347826 0.597156114 0.209902231 0.391722595 0.588
0.462086957
0.460347826 0.597156114 0.209902231 0.391722595 0.588
0.460347826
0.460347826 0.591258744 0.209902231 0.391722595 0.588
0.460347826
0.424869565 0.621963759 0.143720231 0.391722595 0.588
0.460347826
0.484 0.477474629 0.159363249 0.391722595 0.588
0.424869565
0.536521739 0.523722043 0.14893457 0.391722595 0.588
0.484
0.524 0.514757755 0.200275758 0.391722595 0.588
0.536521739
0.524 0.447443189 0.223940837 0.391722595 0.588
0.524
0.524 0.447443189 0.223940837 0.391722595 0.588
0.524
0.524 0.387365979 0.223940837 0.391722595 0.588
0.524
0.527130435 0.389759322 0.231962898 0.391722595 0.588
0.524
0.560521739 0.366864918 0.243594886 0.391722595 0.588
0.527130435
0.512869565 0.285340774 0.197066934 0.391722595 0.588
0.560521739
0.54 0.309345861 0.227550765 0.391722595 0.588
0.512869565
0.591478261 0.321964655 0.23757834 0.341610738 0.612
0.54
0.591478261 0.321964655 0.23757834 0.341610738 0.612
0.591478261
0.591478261 0.316224931 0.23757834 0.341610738 0.612
0.591478261
0.606434783 0.326006109 0.220531462 0.341610738 0.612
0.591478261
0.600173913 0.325526007 0.204687892 0.341610738 0.612
0.606434783
0.612 0.338187795 0.178616195 0.341610738 0.612
0.600173913
0.590782609 0.289554204 0.152544497 0.341610738 0.612
0.612
0.601217391 0.264932866 0.186237152 0.341610738 0.612
0.590782609
0.601217391 0.264932866 0.186237152 0.341610738 0.612
0.601217391
0.601217391 0.268451224 0.186237152 0.341610738 0.612
0.601217391
0.609913043 0.261650977 0.127475558 0.341610738 0.612
0.601217391
0.608869565 0.290349596 0.1 0.341610738 0.612
0.609913043
0.617913043 0.242826689 0.117648533 0.341610738 0.612
0.608869565
0.621391304 0.253353099 0.113436952 0.341610738 0.612
0.617913043
0.605391304 0.239494639 0.121258461 0.341610738 0.612
0.621391304
0.605391304 0.239494639 0.121258461 0.341610738 0.612
0.605391304
0.605391304 0.242052793 0.121258461 0.341610738 0.612
0.605391304
0.60226087 0.215819174 0.163173728 0.341610738 0.612
0.605391304
0.596695652 0.239931747 0.148734019 0.341610738 0.612
0.60226087
0.587652174 0.220964145 0.159764352 0.341610738 0.612
0.596695652
0.622782609 0.282288186 0.173602407 0.341610738 0.612
0.587652174
0.601217391 0.286343971 0.21371271 0.341610738 0.612
0.622782609
0.601217391 0.286343971 0.21371271 0.341610738 0.612
0.601217391
0.601217391 0.284746021 0.21371271 0.341610738 0.612
0.601217391
0.626608696 0.310779001 0.21772374 0.341610738 0.612
0.601217391
0.597391304 0.238197648 0.227350213 0.341610738 0.612
0.626608696
0.621391304 0.221580395 0.271270995 0.341610738 0.612
0.597391304
0.609565217 0.191914406 0.287315117 0.341610738 0.612
0.621391304
0.57373913 0.128626963 0.288518426 0.341610738 0.612
0.609565217
0.57373913 0.128626963 0.288518426 0.341610738 0.612
0.57373913
0.57373913 0.128626963 0.288518426 0.341610738 0.612
0.57373913
0.57373913 0.127358634 0.288518426 0.200223714 0.74
0.57373913
0.573391304 0.128383329 0.272073201 0.200223714 0.74
0.57373913
0.52573913 0.11935455 0.298746553 0.200223714 0.74
0.573391304
0.519130435 0.118129215 0.275282026 0.200223714 0.74
0.52573913
0.520869565 0.137906541 0.300752068 0.200223714 0.74
0.519130435
0.520869565 0.137906541 0.300752068 0.200223714 0.74
0.520869565
0.520869565 0.137906541 0.300752068 0.200223714 0.74
0.520869565
0.520869565 0.140421701 0.300752068 0.200223714 0.74
0.520869565
0.520869565 0.118100553 0.290122838 0.200223714 0.74
0.520869565
0.510782609 0.131658053 0.265053898 0.200223714 0.74
0.520869565
0.600521739 0.20689788 0.269867135 0.200223714 0.74
0.510782609
0.656521739 0.202748941 0.280496365 0.200223714 0.74
0.600521739
0.656521739 0.202748941 0.280496365 0.200223714 0.74
0.656521739
0.656521739 0.202104028 0.280496365 0.200223714 0.74
0.656521739
0.655130435 0.15781285 0.284106292 0.200223714 0.74
0.656521739
0.662782609 0.237273273 0.286713462 0.200223714 0.74
0.655130435
0.668 0.196600772 0.311982953 0.200223714 0.74
0.662782609
0.671826087 0.222318462 0.301353723 0.200223714 0.74
0.668
0.623478261 0.207019697 0.301554274 0.200223714 0.74
0.671826087
0.623478261 0.207019697 0.301554274 0.200223714 0.74
0.623478261
0.623478261 0.212157502 0.301554274 0.200223714 0.74
0.623478261
0.629391304 0.204160583 0.337653547 0.200223714 0.74
0.623478261
0.593913043 0.177597342 0.345274505 0.200223714 0.74
0.629391304
0.593913043 0.180786077 0.348282778 0.200223714 0.74
0.593913043
0.588347826 0.187034566 0.357708699 0.200223714 0.74
0.593913043
0.586956522 0.218864595 0.403233893 0.200223714 0.74
0.588347826
0.586956522 0.218864595 0.403233893 0.200223714 0.74
0.586956522
0.586956522 0.216951354 0.403233893 0.200223714 0.74
0.586956522
0.591130435 0.131923184 0.420080221 0.200223714 0.74
0.586956522
0.560521739 0.1 0.393005766 0.200223714 0.74
0.591130435
0.57826087 0.148031672 0.432113312 0.200223714 0.74
0.560521739
0.589391304 0.148239478 0.435522687 0.475838926 0.756
0.57826087
0.557043478 0.104535887 0.440536475 0.475838926 0.756
0.589391304
0.557043478 0.104535887 0.440536475 0.475838926 0.756
0.557043478
0.557043478 0.103590015 0.440536475 0.475838926 0.756
0.557043478
0.552173913 0.144470321 0.452569566 0.475838926 0.756
0.557043478
0.530956522 0.133757602 0.466808724 0.475838926 0.756
0.552173913
0.548695652 0.129343533 0.465805966 0.475838926 0.756
0.530956522
0.538956522 0.129343533 0.439934821 0.475838926 0.756
0.548695652
0.55426087 0.166526338 0.436525445 0.475838926 0.756
0.538956522
0.55426087 0.166526338 0.436525445 0.475838926 0.756
0.55426087
0.55426087 0.167794667 0.436525445 0.475838926 0.756
0.55426087
0.570956522 0.197818941 0.426898972 0.475838926 0.756
0.55426087
0.562608696 0.142363605 0.426096766 0.475838926 0.756
0.570956522
0.544521739 0.125144434 0.41466533 0.475838926 0.756
0.562608696
0.551826087 0.189779028 0.43451993 0.475838926 0.756
0.544521739
0.517043478 0.159052516 0.415467536 0.475838926 0.756
0.551826087
0.517043478 0.159052516 0.415467536 0.475838926 0.756
0.517043478
0.517043478 0.155283359 0.415467536 0.475838926 0.756
0.517043478
0.496869565 0.13424487 0.424492354 0.475838926 0.756
0.517043478
0.497217391 0.156702167 0.459588869 0.475838926 0.756
0.496869565
0.512173913 0.182849798 0.492278767 0.475838926 0.756
0.497217391
0.535826087 0.192716964 0.487264979 0.475838926 0.756
0.512173913
0.488173913 0.15642987 0.491877664 0.475838926 0.756
0.535826087
0.488173913 0.15642987 0.491877664 0.475838926 0.756
0.488173913
0.488173913 0.155806455 0.491877664 0.475838926 0.756
0.488173913
0.506608696 0.223013534 0.503108549 0.475838926 0.756
0.488173913
0.456869565 0.209448868 0.51514164 0.475838926 0.756
0.506608696
0.503478261 0.268637532 0.554449737 0.475838926 0.756
0.456869565
0.534086957 0.334561952 0.519353221 0.475838926 0.756
0.503478261
0.519130435 0.360079002 0.534795688 0.475838926 0.756
0.534086957
0.519130435 0.360079002 0.534795688 0.719239374 0.796
0.519130435
0.519130435 0.360079002 0.534795688 0.719239374 0.796
0.519130435
0.492347826 0.343784205 0.519553773 0.719239374 0.796
0.519130435
0.516 0.45786928 0.524567561 0.719239374 0.796
0.492347826
0.514608696 0.416602026 0.479644021 0.719239374 0.796
0.516
0.520521739 0.422427738 0.494284282 0.719239374 0.796
0.514608696
0.467304348 0.374725688 0.5033091 0.719239374 0.796
0.520521739
0.467304348 0.374725688 0.5033091 0.719239374 0.796
0.467304348
0.467304348 0.370684235 0.5033091 0.719239374 0.796
0.467304348
0.519478261 0.423502593 0.505114064 0.719239374 0.796
0.467304348
0.538956522 0.438249599 0.500501379 0.719239374 0.796
0.519478261
0.517391304 0.454558727 0.517748809 0.719239374 0.796
0.538956522
0.492695652 0.420607651 0.515743294 0.719239374 0.796
0.517391304
0.482608696 0.426798814 0.552845325 0.719239374 0.796
0.492695652
0.482608696 0.426798814 0.552845325 0.719239374 0.796
0.482608696
0.482608696 0.442391372 0.552845325 0.719239374 0.796
0.482608696
0.396347826 0.394345369 0.517748809 0.719239374 0.796
0.482608696
0.490608696 0.435225675 0.526573076 0.719239374 0.796
0.396347826
0.490608696 0.396495078 0.52837804 0.719239374 0.796
0.490608696
0.458608696 0.367402345 0.540812234 0.719239374 0.796
0.490608696
0.478086957 0.357857635 0.596766107 0.719239374 0.796
0.458608696
0.478086957 0.357857635 0.596766107 0.719239374 0.796
0.478086957
0.478086957 0.368756662 0.596766107 0.719239374 0.796
0.478086957
0.578608696 0.396738712 0.604788167 0.719239374 0.796
0.478086957
0.668 0.46911226 0.570293307 0.719239374 0.796
0.578608696
0.778956522 0.558783802 0.582125846 0.719239374 0.796
0.668
0.856521739 0.574770474 0.528578591 0.719239374 0.796
0.778956522
0.893391304 0.614769399 0.506116821 0.719239374 0.796
0.856521739
0.893391304 0.614769399 0.506116821 0.719239374 0.796
0.893391304
0.893391304 0.605618803 0.506116821 0.719239374 0.796
0.893391304
0.873913043 0.521335865 0.497292555 0.719239374 0.796
0.893391304
0.874956522 0.522109761 0.510930058 0.823042506 0.796
0.873913043
0.9 0.595665649 0.508122336 0.823042506 0.796
0.874956522
0.888521739 0.596461041 0.490273251 0.823042506 0.796
0.9
0.886434783 0.637871609 0.515542743 0.823042506 0.796
0.888521739
0.886434783 0.637871609 0.515542743 0.823042506 0.796
0.886434783
0.886434783 0.636180504 0.515542743 0.823042506 0.796
0.886434783
0.863130435 0.643410693 0.506919027 0.823042506 0.796
0.886434783
0.863130435 0.571990183 0.498495864 0.823042506 0.796
0.863130435
0.815130435 0.51286601 0.525169215 0.823042506 0.796
0.863130435
0.802956522 0.530092348 0.521960391 0.823042506 0.796
0.815130435
0.807130435 0.555552072 0.492880421 0.823042506 0.796
0.802956522
0.807130435 0.555552072 0.492880421 0.823042506 0.796
0.807130435
0.807130435 0.549884005 0.492880421 0.823042506 0.796
0.807130435
0.803304348 0.476743728 0.525169215 0.823042506 0.796
0.807130435
0.799826087 0.495797318 0.538606167 0.823042506 0.796
0.803304348
0.775130435 0.40986627 0.476034094 0.823042506 0.796
0.799826087
0.758086957 0.417533567 0.470819754 0.823042506 0.796
0.775130435
0.752521739 0.408168 0.506317373 0.823042506 0.796
0.758086957
0.752521739 0.408168 0.506317373 0.823042506 0.796
0.752521739
0.752521739 0.396960848 0.506317373 0.823042506 0.796
0.752521739
0.758086957 0.422155442 0.521358737 0.823042506 0.796
0.752521739
0.730608696 0.371336313 0.495086488 0.823042506 0.796
0.758086957
0.744869565 0.456120849 0.533993482 0.823042506 0.796
0.730608696
0.727130435 0.426834643 0.496089245 0.823042506 0.796
0.744869565
0.707652174 0.421539192 0.535798446 0.823042506 0.796
0.727130435
0.707652174 0.421539192 0.535798446 0.823042506 0.796
0.707652174
0.707652174 0.416967477 0.535798446 0.823042506 0.796
0.707652174
0.701391304 0.423409439 0.557257458 0.823042506 0.796
0.707652174
0.689913043 0.452609658 0.553647531 0.823042506 0.796
0.701391304
0.673565217 0.457116881 0.534795688 0.823042506 0.796
0.689913043
0.654782609 0.420621983 0.626848834 0.885682327 0.812
0.673565217
0.649217391 0.415469846 0.544622712 0.885682327 0.812
0.654782609
0.649217391 0.415469846 0.544622712 0.885682327 0.812
0.649217391
0.649217391 0.418379119 0.544622712 0.885682327 0.812
0.649217391
0.69026087 0.413492113 0.494685385 0.885682327 0.812
0.649217391
0.681217391 0.410654497 0.406041614 0.885682327 0.812
0.69026087
0.668695652 0.443717027 0.407445475 0.885682327 0.812
0.681217391
0.644695652 0.483020879 0.397016796 0.885682327 0.812
0.668695652
0.608521739 0.471921213 0.452569566 0.885682327 0.812
0.644695652
0.608521739 0.471921213 0.452569566 0.885682327 0.812
0.608521739
0.608521739 0.468718146 0.452569566 0.885682327 0.812
0.608521739
0.588695652 0.429894396 0.475833542 0.885682327 0.812
0.608521739
0.583826087 0.351329685 0.486663324 0.885682327 0.812
0.588695652
0.58626087 0.312685077 0.519754324 0.885682327 0.812
0.583826087
0.562608696 0.304071908 0.518350464 0.885682327 0.812
0.58626087
0.562608696 0.288214219 0.524166458 0.885682327 0.812
0.562608696
0.562608696 0.288214219 0.524166458 0.885682327 0.812
0.562608696
0.562608696 0.287898928 0.524166458 0.885682327 0.812
0.562608696
0.557043478 0.292664117 0.527976937 0.885682327 0.812
0.562608696
0.560869565 0.320846806 0.536801203 0.885682327 0.812
0.557043478
0.485043478 0.214070743 0.527174731 0.885682327 0.812
0.560869565
0.483304348 0.208739464 0.551842567 0.885682327 0.812
0.485043478
0.483304348 0.16757253 0.515743294 0.885682327 0.812
0.483304348
0.483304348 0.16757253 0.515743294 0.885682327 0.812
0.483304348
0.483304348 0.168511237 0.515743294 0.885682327 0.812
0.483304348
0.480869565 0.160822443 0.533993482 0.885682327 0.812
0.483304348
0.476695652 0.136315756 0.535397343 0.885682327 0.812
0.480869565
0.468695652 0.153198141 0.543419403 0.885682327 0.812
0.476695652
0.467652174 0.146842167 0.533993482 0.885682327 0.812
0.468695652
0.463826087 0.157124943 0.58794184 0.885682327 0.812
0.467652174
0.463826087 0.157124943 0.58794184 0.885682327 0.812
0.463826087
0.463826087 0.157124943 0.58794184 0.9 0.852
0.463826087
0.459304348 0.135849986 0.610002507 0.9 0.852
0.463826087
0.450956522 0.149027704 0.611406368 0.9 0.852
0.459304348
0.456521739 0.153061992 0.609801955 0.9 0.852
0.450956522
0.454086957 0.158113809 0.613211331 0.9 0.852
0.456521739
0.452347826 0.164290641 0.636274756 0.9 0.852
0.454086957
0.452347826 0.164290641 0.636274756 0.9 0.852
0.452347826
0.452347826 0.120293256 0.636274756 0.9 0.852
0.452347826
0.433565217 0.135169245 0.649310604 0.9 0.852
0.452347826
0.424521739 0.125216091 0.666558035 0.9 0.852
0.433565217
0.410956522 0.154079521 0.684808223 0.9 0.852
0.424521739
0.410956522 0.160836774 0.676986713 0.9 0.852
0.410956522
0.410956522 0.23729477 0.686011532 0.9 0.852
0.410956522
0.410956522 0.23729477 0.686011532 0.9 0.852
0.410956522
0.410956522 0.236986645 0.686011532 0.9 0.852
0.410956522
0.410956522 0.271998244 0.694234144 0.9 0.852
0.410956522
0.410956522 0.277831122 0.685008774 0.9 0.852
0.410956522
0.407826087 0.300001791 0.714289296 0.9 0.852
0.410956522
0.404 0.302287649 0.701052895 0.9 0.852
0.407826087
0.40226087 0.322717053 0.718701429 0.9 0.852
0.404
0.40226087 0.322717053 0.718701429 0.9 0.852
0.40226087
0.40226087 0.31076467 0.718701429 0.9 0.852
0.40226087
0.417217391 0.325640658 0.716294811 0.9 0.852
0.40226087
0.416869565 0.325984612 0.685008774 0.9 0.852
0.417217391
0.405391304 0.303656297 0.680997744 0.9 0.852
0.416869565
0.419304348 0.348162446 0.674780647 0.9 0.852
0.405391304
0.406434783 0.340659961 0.75058912 0.9 0.852
0.419304348
0.406434783 0.340659961 0.75058912 0.9 0.852
0.406434783
0.406434783 0.340659961 0.75058912 0.9 0.852
0.406434783
0.41373913 0.334640775 0.785685635 0.9 0.852
0.406434783
0.411652174 0.350842417 0.784482326 0.9 0.852
0.41373913
0.412 0.366771764 0.816169466 0.9 0.876
0.411652174
0.420347826 0.382199511 0.784482326 0.9 0.876
0.412
0.414086957 0.363174583 0.809551266 0.9 0.876
0.420347826
0.414086957 0.363174583 0.809551266 0.9 0.876
0.414086957
0.414086957 0.362866458 0.809551266 0.9 0.876
0.414086957
0.408869565 0.35481938 0.808347957 0.9 0.876
0.414086957
0.393565217 0.347180746 0.814163951 0.9 0.876
0.408869565
0.406434783 0.370419104 0.833416896 0.9 0.876
0.393565217
0.407130435 0.392439293 0.811155678 0.9 0.876
0.406434783
0.409217391 0.442269556 0.80473803 0.9 0.876
0.407130435
0.409217391 0.442269556 0.80473803 0.9 0.876
0.409217391
0.409217391 0.447178059 0.80473803 0.9 0.876
0.409217391
0.415130435 0.445744919 0.829606418 0.9 0.876
0.409217391
0.424173913 0.378716982 0.821784908 0.9 0.876
0.415130435
0.412347826 0.384248901 0.818375533 0.9 0.876
0.424173913
0.412347826 0.407594744 0.796515417 0.9 0.876
0.412347826
0.406782609 0.380200281 0.821784908 0.9 0.876
0.412347826
0.406782609 0.380200281 0.821784908 0.9 0.876
0.406782609
0.406782609 0.375599903 0.821784908 0.9 0.876
0.406782609
0.39773913 0.370333115 0.846653297 0.9 0.876
0.406782609
0.410956522 0.402198974 0.858485836 0.9 0.876
0.39773913
0.422434783 0.38013579 0.842040612 0.9 0.876
0.410956522
0.42173913 0.365431778 0.79811983 0.9 0.876
0.422434783
0.396347826 0.345367824 0.810554024 0.9 0.876
0.42173913
0.396347826 0.345367824 0.810554024 0.9 0.876
0.396347826
0.396347826 0.331588187 0.810554024 0.9 0.876
0.396347826
0.380695652 0.341441022 0.784883429 0.9 0.876
0.396347826
0.364347826 0.347567693 0.820381048 0.9 0.876
0.380695652
0.376173913 0.392482287 0.854274254 0.9 0.876
0.364347826
0.376173913 0.386692403 0.842040612 0.9 0.876
0.376173913
0.369565217 0.378129395 0.855678115 0.880313199 0.884
0.376173913
0.369565217 0.378129395 0.855678115 0.880313199 0.884
0.369565217
0.369565217 0.375083973 0.855678115 0.880313199 0.884
0.369565217
0.367478261 0.369487563 0.795913763 0.880313199 0.884
0.369565217
0.375826087 0.371479627 0.785485084 0.880313199 0.884
0.367478261
0.362956522 0.36349704 0.818776636 0.880313199 0.884
0.375826087
0.360869565 0.422915006 0.854875909 0.880313199 0.884
0.362956522
0.343478261 0.405982462 0.851867636 0.880313199 0.884
0.360869565
0.343478261 0.405982462 0.851867636 0.880313199 0.884
0.343478261
0.343478261 0.406584381 0.851867636 0.880313199 0.884
0.343478261
0.348347826 0.404721299 0.875332163 0.880313199 0.884
0.343478261
0.354956522 0.424254991 0.845048884 0.880313199 0.884
0.348347826
0.359826087 0.425423 0.824793181 0.880313199 0.884
0.354956522
0.336521739 0.465386097 0.869917272 0.880313199 0.884
0.359826087
0.327130435 0.447479018 0.880747054 0.880313199 0.884
0.336521739
0.327130435 0.447479018 0.880747054 0.880313199 0.884
0.327130435
0.327130435 0.449585733 0.880747054 0.880313199 0.884
0.327130435
0.361565217 0.475425239 0.876334921 0.880313199 0.884
0.327130435
0.361565217 0.453247405 0.880747054 0.880313199 0.884
0.361565217
0.366782609 0.38809688 0.881749812 0.880313199 0.884
0.361565217
0.336521739 0.331222737 0.842642266 0.880313199 0.884
0.366782609
0.35773913 0.361519307 0.852268739 0.880313199 0.884
0.336521739
0.35773913 0.361519307 0.852268739 0.880313199 0.884
0.35773913
0.35773913 0.362121226 0.852268739 0.880313199 0.884
0.35773913
0.318434783 0.317020324 0.855277012 0.880313199 0.884
0.35773913
0.30973913 0.332734699 0.9 0.880313199 0.884
0.318434783
0.293391304 0.326722679 0.894986212 0.880313199 0.884
0.30973913
0.303130435 0.327518071 0.8735272 0.880313199 0.884
0.293391304
0.273913043 0.266623971 0.873727751 0.880313199 0.884
0.303130435
0.273913043 0.266623971 0.873727751 0.880313199 0.884
0.273913043
0.273913043 0.249333142 0.873727751 0.880313199 0.884
0.273913043
0.273913043 0.34470858 0.8801454 0.815883669 0.9
0.273913043
0.283304348 0.368928639 0.861293557 0.815883669 0.9
0.273913043
0.288173913 0.382994903 0.837227375 0.815883669 0.9
0.283304348
0.268695652 0.345611458 0.841037854 0.815883669 0.9
0.288173913
0.275304348 0.276054029 0.850062672 0.815883669 0.9
0.268695652
0.275304348 0.276054029 0.850062672 0.815883669 0.9
0.275304348
0.275304348 0.263535555 0.850062672 0.815883669 0.9
0.275304348
0.274608696 0.308299669 0.841438957 0.815883669 0.9
0.275304348
0.279130435 0.301427765 0.798922036 0.815883669 0.9
0.274608696
0.275652174 0.343712548 0.785886187 0.815883669 0.9
0.279130435
0.252 0.299922969 0.813361745 0.815883669 0.9
0.275652174
0.247826087 0.323584103 0.813361745 0.815883669 0.9
0.252
0.247826087 0.323584103 0.813361745 0.815883669 0.9
0.247826087
0.247826087 0.32032371 0.813361745 0.815883669 0.9
0.247826087
0.239130435 0.2962398 0.823990975 0.815883669 0.9
0.247826087
0.287478261 0.335199699 0.75058912 0.815883669 0.9
0.239130435
0.288521739 0.32257374 0.712684883 0.815883669 0.9
0.287478261
0.276695652 0.33171717 0.702657308 0.815883669 0.9
0.288521739
0.264521739 0.348219772 0.701453998 0.815883669 0.9
0.276695652
0.264521739 0.348219772 0.701453998 0.815883669 0.9
0.264521739
0.264521739 0.34019419 0.701453998 0.815883669 0.9
0.264521739
0.286434783 0.323913725 0.675382301 0.815883669 0.9
0.264521739
0.296521739 0.354360775 0.654926047 0.815883669 0.9
0.286434783
0.289565217 0.376638929 0.726121835 0.815883669 0.9
0.296521739
0.275652174 0.391414598 0.706467786 0.815883669 0.9
0.289565217
0.295826087 0.356503319 0.642892956 0.815883669 0.9
0.275652174
0.295826087 0.356503319 0.642892956 0.815883669 0.9
0.295826087
0.295826087 0.356503319 0.642892956 0.815883669 0.9
0.295826087
0.295826087 0.347811327 0.642892956 0.815883669 0.9
0.295826087
0.310782609 0.381031502 0.686011532 0.815883669 0.9
0.295826087
0.325043478 0.331545193 0.64610178 0.742505593 0.9
0.310782609
0.32573913 0.326665353 0.669766859 0.742505593 0.9
0.325043478
0.318086957 0.361290005 0.672173477 0.742505593 0.9
0.32573913
0.318086957 0.361290005 0.672173477 0.742505593 0.9
0.318086957
0.318086957 0.366707272 0.672173477 0.742505593 0.9
0.318086957
0.296869565 0.367516996 0.727926799 0.742505593 0.9
0.318086957
0.272173913 0.323061007 0.673577338 0.742505593 0.9
0.296869565
0.286086957 0.315866646 0.64610178 0.742505593 0.9
0.272173913
0.32226087 0.333874045 0.662346453 0.742505593 0.9
0.286086957
0.321913043 0.317636574 0.650313362 0.742505593 0.9
0.32226087
0.321913043 0.317636574 0.650313362 0.742505593 0.9
0.321913043
0.321913043 0.331495033 0.650313362 0.742505593 0.9
0.321913043
0.298608696 0.260719436 0.632464277 0.742505593 0.9
0.321913043
0.353217391 0.252421558 0.662145901 0.742505593 0.9
0.298608696
0.368869565 0.24885304 0.614013537 0.742505593 0.9
0.353217391
0.378608696 0.271510977 0.612609677 0.742505593 0.9
0.368869565
0.362608696 0.277522997 0.637277513 0.742505593 0.9
0.378608696
0.362608696 0.277522997 0.637277513 0.742505593 0.9
0.362608696
0.362608696 0.259594422 0.637277513 0.742505593 0.9
0.362608696
0.357391304 0.248623738 0.685610429 0.742505593 0.9
0.362608696
0.353217391 0.239379988 0.694835798 0.742505593 0.9
0.357391304
0.316347826 0.243478767 0.671772374 0.742505593 0.9
0.353217391
0.312173913 0.266724291 0.714690399 0.742505593 0.9
0.316347826
0.289913043 0.251289378 0.738756581 0.742505593 0.9
0.312173913
0.289913043 0.251289378 0.738756581 0.742505593 0.9
0.289913043
0.289913043 0.264151805 0.738756581 0.742505593 0.9
0.289913043
0.303478261 0.364994671 0.753797944 0.742505593 0.9
0.289913043
0.282956522 0.346843958 0.755201805 0.742505593 0.9
0.303478261
0.282608696 0.351351182 0.764627726 0.742505593 0.9
0.282956522
0.293391304 0.375212956 0.734946102 0.742505593 0.9
0.282608696
0.247826087 0.352325717 0.795913763 0.742505593 0.9
0.293391304
0.247826087 0.352325717 0.795913763 0.72639821 0.86
0.247826087
0.247826087 0.365073493 0.795913763 0.72639821 0.86
0.247826087
0.247478261 0.342272243 0.745174229 0.72639821 0.86
0.247826087
0.256173913 0.333802388 0.776861369 0.72639821 0.86
0.247478261
0.248869565 0.298926937 0.717297568 0.72639821 0.86
0.256173913
0.230434783 0.30440153 0.722110805 0.72639821 0.86
0.248869565
0.242956522 0.319105542 0.748583605 0.72639821 0.86
0.230434783
0.242956522 0.319105542 0.748583605 0.72639821 0.86
0.242956522
0.242956522 0.329467141 0.748583605 0.72639821 0.86
0.242956522
0.227304348 0.329932911 0.748383053 0.72639821 0.86
0.242956522
0.227304348 0.294828158 0.754800702 0.72639821 0.86
0.227304348
0.210956522 0.300345745 0.794911005 0.72639821 0.86
0.227304348
0.20573913 0.372210528 0.772248684 0.72639821 0.86
0.210956522
0.215130435 0.370168304 0.774655302 0.72639821 0.86
0.20573913
0.215130435 0.370755892 0.774655302 0.72639821 0.86
0.215130435
0.215130435 0.370755892 0.774655302 0.72639821 0.86
0.215130435
0.223826087 0.366929409 0.685008774 0.72639821 0.86
0.215130435
0.191130435 0.336296051 0.637076962 0.72639821 0.86
0.223826087
0.171304348 0.356044714 0.67257458 0.72639821 0.86
0.191130435
0.183478261 0.378279874 0.71087992 0.72639821 0.86
0.171304348
0.160521739 0.341691821 0.700050138 0.72639821 0.86
0.183478261
0.160521739 0.341691821 0.700050138 0.72639821 0.86
0.160521739
0.160521739 0.333558754 0.700050138 0.72639821 0.86
0.160521739
0.174434783 0.438185108 0.675382301 0.72639821 0.86
0.160521739
0.159130435 0.427407898 0.627049386 0.72639821 0.86
0.174434783
0.170956522 0.424498625 0.702256205 0.72639821 0.86
0.159130435
0.191130435 0.481709556 0.638881925 0.72639821 0.86
0.170956522
0.164695652 0.488789266 0.603584858 0.72639821 0.86
0.191130435
0.164695652 0.488789266 0.603584858 0.846308725 0.876
0.164695652
0.164695652 0.46726351 0.603584858 0.846308725 0.876
0.164695652
0.126434783 0.385330921 0.526171973 0.846308725 0.876
0.164695652
0.120173913 0.461882071 0.512935573 0.846308725 0.876
0.126434783
0.118434783 0.47882178 0.535597894 0.846308725 0.876
0.120173913
0.127130435 0.445314977 0.506718476 0.846308725 0.876
0.118434783
0.101391304 0.466797739 0.519353221 0.846308725 0.876
0.127130435
0.101391304 0.466797739 0.519353221 0.846308725 0.876
0.101391304
0.101391304 0.453892317 0.519353221 0.846308725 0.876
0.101391304
0.103826087 0.500433525 0.51393833 0.846308725 0.876
0.101391304
0.141043478 0.488352158 0.524166458 0.846308725 0.876
0.103826087
0.176521739 0.534427595 0.5033091 0.846308725 0.876
0.141043478
0.160173913 0.460248291 0.520355979 0.846308725 0.876
0.176521739
0.153565217 0.4700438 0.547029331 0.846308725 0.876
0.160173913
0.153565217 0.4700438 0.547029331 0.846308725 0.876
0.153565217
0.153565217 0.46598085 0.547029331 0.846308725 0.876
0.153565217
0.161913043 0.421890311 0.496891451 0.846308725 0.876
0.153565217
0.149043478 0.343318435 0.517347706 0.846308725 0.876
0.161913043
0.158782609 0.351164874 0.475231888 0.846308725 0.876
0.149043478
0.144869565 0.308335498 0.492078215 0.846308725 0.876
0.158782609
0.169913043 0.31820983 0.545826022 0.846308725 0.876
0.144869565
0.169913043 0.31820983 0.545826022 0.846308725 0.876
0.169913043
0.169913043 0.296368783 0.545826022 0.846308725 0.876
0.169913043
0.201913043 0.315709001 0.5628729 0.846308725 0.876
0.169913043
0.20226087 0.312756734 0.566683379 0.846308725 0.876
0.201913043
0.176173913 0.310162751 0.565680622 0.846308725 0.876
0.20226087
0.152173913 0.223493636 0.605991477 0.846308725 0.876
0.176173913
0.111826087 0.173133112 0.672374029 0.846308725 0.876
0.152173913
0.111826087 0.173133112 0.672374029 0.846308725 0.876
0.111826087
0.111826087 0.178020118 0.672374029 0.846308725 0.876
0.111826087
0.1 0.14662003 0.672374029 0.846308725 0.876
0.111826087